-113922743 310146482690273725409 -1
7  -4  1
-5  4  1
61  -4  3
8  1  -1
-5  1  1
525973  1  -1
22729  32  -1
-4097  27  5
21127  48  -7
8779  17  -12
15182006953  -40426  9
-4103  23  8
-3140477  43  25
-239743087  78  25
-134593  56  1
-47287  8  7
-4431282451  4719  7
-336649  300  1
51018545  -412  83
134873197  1791  -13
9400805511  2437  -4
2607882701  -17205  4
153  -13  1
-15152  5  3
4293  13  -10
32432  -15  7
7185786  -1465  1
21328386  4537  -1
-30940374  1871  1
29239123130  -165321  1
86807326430  57649  -1
-17194283526  62471  1
130017558910  31761  -1
188060224470  -31489  1
-2568561397757146  1015687  9
6819  29  -5
9987  -91  1
-9476  319  1
-242324  61  43
132963927  -1145  2
7 2 -1
5  -83  -2
257  -116044  -1
1027986085027861747937  722974121783  -604305613931
21458238196506826611317  155590763477  -429392673713
293911884200387681576093  106205605559  -687223946819
206207486824798778186641  769034410087  -80703111317
79  -8  1
125965  -134  1
-163184  223  1
-1115479181  2065  61
88727009405  -50601  1
263422353799  -497480  1
62063469603854588654579 68044230041 -1
1  7535987  -52
19  4776762553  -6836
1  52753834808  -208881
221916530122928255  1  -370095536
555143  1  -1737
1  23121989  -2313
14299777  2  -5276187762844563
1  316  -5
388  152441  -1
831  1  -92742160
1  29526647  -1956
7  4715959977  -21016
6404148857786219  1  -3120332
0 0 0
